1 Tabellen
1.3 Anzahl der Landeslisten, Kandidaturen und Kandidaten bei den Bundestagswahlen seit 1949 nach Parteien
Kandidaturen
Kandidaten
Jahr der
Wahl
Landes-
listen
aufatmagna Kvin
Landes-
Wahl-
insgesamt
listen
kreisen
darunter
Doppel-
kandidaturen
insgesamt
darunter
weiblich
GRÜNE
1980
10
166
228
394
92
302
72
1983
10
204
244
448
130
318
60
1987
10
144
247
391
106
285
92
•
1990
11
141
254
395
97
298
99
1994
16
203
309
512
146
366
143
1998
16
264
325
589
180
409
166
2002
16
221
297
518
150
368
143
2005
16
238
297
535
169
366
131
2009
16
198
296
494
155
339
132
2013
16
281
299
580
214
366
160
CSU
1949
30
47
77
11
66
1953
1
39
44
83
13
70
55
1957
2
60
52
112
10
102
1961
1
50
47
97
15
82
1965
1
47
44
91
19
72
1969
1
53
44
97
15
82
1972
1
1976
1
1980
1
1983
1
1987
1
1990
1
1994
1
1998
1
2002
1
2005
1
2009
1
2013
1
268
68
44
112
18
94
73
44
117
14
103
59
45
104
15
89
45
45
90
18
72
54
45
99
21
78
11
43
45
88
21
67
9
46
45
91
22
69
13
51
45
96
17
79
14
53
44
97
18
79
17
59
45
104
17
87
22
63
45
108
22
86
20
70
45
115
29
86
21
Sonstige
1949
|
1953
48
557
1113
$9447
1501
347
1154
1 105
2218
609
1 609
87
138
1957
53
1 018
964
1982
547
1435
83
1961
38
893
780
1 670
423
1 250
111
1965
37
858
689
1547
421
1126
96
1969
45
1 047
662
1709
453
1256
113
1972
31
750
543
1 293
252
1041
133
1976
65
1 120
796
1916
424
1 492
264
1980
53
888
553
1441
214
1227
299
1983
40
780
428
1 208
172
1036
261
1987
55
694
644
1338
243
1095
297
1990
110
1 077
1 029
2106
458
1648
337
1994
112
1368
816
2184
380
1804
537
1998
191
2168
1148
3316
562
2754
675
2002
109
1 059
476
1535
220
1315
326
2005
97
994
578
1 572
270
1 302
283
2009
120
1 036
705
1741
262
1 479
307
2013
153
1770
1 212
2 982
562
2420
461
Insgesamt
1949
1308
1656
2964
640
2324
207
1953
75
2 089
1792
3 881
1065
2816
272
1957
84
2 073
1700
3773
1059
2714
208
1961
68
1990
1521
3 511
952
2 559
246
1965
67
2017
1433
3450
965
2485
240
1969
75
2243
1406
3649
1015
2634
249
1972
61
2 284
1287
3 571
817
2754
292
1976
95
2 700
1540
4 240
996
3 244
450
1980
93
2 325
1525
3850
885
2965
595
1983
80
2 199
1416
3615
916
2 699
518
1987
95
2035
1635
3670
980
2690
685
1990
185
2813
2338
5151
1 455
3696
894
1994
192
3 075
2304
5379
1456
3923
1157
1998
271
4 006
2 703
6709
1647
5062
1 408
2002
189
2848
1944
4 792
1248
3544
1028
2005
177
2906
2062
4 968
1320
3648
1 017
2009
200
2705
2195
4.900
1344
3556
970
2013
233
3446
2705
6151
1700
4451
1 149
Informationen des Bundeswahlleiters,
17
Bundestagswahl 2013, Sonderheft Wahlbewerber
