1 Tabellen
1.3 Anzahl der Landeslisten, Kandidaturen und Kandidaten bei den Bundestagswahlen seit 1949 nach Parteien
Kandidaturen
Kandidaten
Jahr der
Wahl
Landes-
listen
auf
Landes-
in
Wahl-
insgesamt
listen
kreisen
darunter
Doppel-
kandidaturen
insgesamt
darunter
weiblich
CDU
1949
1953
1957
1961
1965
1969
1972
1976
1980
1983
1099aaaaaa
217
187
404
43
361
38
8
302
177
479
82
397
52
315
194
509
102
407
47
343
200
543
92
451
57
387
204
591
118
473
69
381
204
585
118
467
53
537
204
741
118
623
67
545
204
749
138
611
78
427
203
630
136
494
82
405
203
608
148
460
80
1987
9
394
203
597
159
438
98
1990
15
483
283
766
233
533
126
1994-99
15
463
283
746
236
510
124
1998
15
465
282
747
224
523
168
2002
15
449
255
704
212
492
153
2005
15
465
254
719
208
511
149
2009
15
397
254
651
207
444
142
2013
15
399
254
653
207
446
144
SPD
1949
267
242
509
125
384
51
1953
9
376
242
618
210
408
48
1957
10
407
243
650
221
429
47
1961
10
413
247
660
232
428
33
1965
10
461
248
709
230
479
48
1969
10
480
248
728
230
498
52
1972
10
601
248
849
227
622
55
1976
10
629
248
877
227
650
64
1980
10
459
248
707
224
483
74
1983
10
447
248
695
235
460
65
1987
10
455
248
703
230
473
126
1990
16
531
328
859
313
546
169
1994
16
526
327
853
321
532
193
1998
16
543
328
871
318
553
212
2002
16
516
299
815
290
525
209
2005
16
479
299
778
288
490
184
2009
16
438
299
737
280
457
166
2013
16
415
299
714
287
427
170
FDP
1949
237
236
473
114
359
26
1953
9
259
224
483
151
332
29
1957
10
273
247
520
179
341
24
1961
10
291
247
538
190
348
38
1965
10
264
248
512
177
335
23
1969
10
282
248
530
199
331
25
1972
10
328
248
576
202
374
30
1976
10
333
248
581
193
388
37
1980
10
326
248
574
204
370
59
1983
10
318
248
566
213
353
47
1987
10
294
248
542
221
321
61
1990
16
389
328
717
286
431
80
1994
16
306
324
630
257
373
67
1998
16
334
327
661
250
411
75
2002
16
368
299
667
247
420
84
2005
16
369
299
668
264
404
2009
16
346
299
645
267
378
2013
16
324
298
622
259
363
882
87
81
72
DIE LINKE
1990
16
149
71
220
47
173
74
1994
16
163
200
363
94
269
80
1998
16
181
248
429
96
333
98
2002
16
182
274
456
111
345
96
2005
16
302
290
592
104
488
161
2009
16
227
297
524
151
373
122
2013
16
187
298
485
142
343
121
Informationen des Bundeswahlleiters,
Bundestagswahl 2013, Sonderheft Wahlbewerber
16
